02231476
05091610
02211936
10041287
14091007
20121690
12280623
09031875
17130714
05101209
05171573
08191512
10281697
14470712
01091220
19410622
10670306
04171367
20081729
12221796
08131731
19111902
11131103
17220419
11141892
10181713
12290918
09181927
11071508
12181034
18800907
15050427
11601002
12021765
19470703
03251706
15120814
01121841
09081335
24071159
19111208
15470908
12350705
16420811
08021105
09131883
13841005
13080324
27081935
11081555
06191491
15081771
01121554
16720602
11181896
15281230
08281252
12930818
24101911
18230827
12141589
02171796
05051392
10091937
25101049
13050209
14091621
26101268
29121975
11261234
10940305
03281476
14930503
02041428
20150502
17121001
13720503
04051217
19540528
10700504
11280809
11081277
09171534
03091666
15600329
09061958
21021824
11091419
12850207
02181774
12191111
10191915
19430302
04061032
08021851
07271144
09131570
07251687
13860619
07081496
04301360
10460614
04091591
19130411
17881203
12111837
23011808
16150930
10581118
05261765
12061213
21032001
12021015
25061154
10101741
19041311
16711118
03151832
02141985
16351014
06271054
04121896
12120121
31051025