17051130
14470425
03141112
02231296
01251954
02071566
18101135
12041609
04121557
03242003
13371025
17970912
12111476
12310126
01101136
16510323
10621203
08021618
16881110
02011041
11020316
14880423
07071382
12990422
11181067
04051229
11061813
06081611
03101150
14291020
02071491
04041576
10011790
11161964
11700630
18580223
08091472
11100314
11201473
18561227
08021926
10400923
01161520
08151586
11161738
07021475
14091121
06291987
01031646
16440421
01211433
14640223
14610908
02241220
14880419
01311319
09031619
10191450
17530225
08201674
06161323
15121775
20021227
08011466
19761126
18740923
03041750
18431107
18060418
03251550
11270511
03211697
10211340
12081135
15200809
20081881
17820427
19980225
09051796
14360306
21051317
16121024
14240512
20121109
16560505
01181658
11021744
16271029
28101805
01061377
13041371
09061113
10071708
11191220
05021149
17641221
17500702
18881114
16110211
10061570
19820319
22111139
08051127
10591128
06151871
11830329
04191404
